【題目】
請撰寫一個 Java 程式，讓使用者輸入一個整數作為隨機數的種子碼（seed）。程式應使用此種子碼來隨機產生 seed 個 double 型態的數字，並將它們印出。

程式要求：

使用 java.util.Random 類別來生成隨機數。

將使用者輸入的種子碼傳入 Random 物件的建構子，確保每次使用相同種子碼時，生成的序列都一樣。

產生 seed 個 double 數字。

將這些數字印出，每行印出 10 個數字，且每個數字後面跟一個空格，以方便閱讀。

【輸入】
123

【輸出】
0.7231742029971469
0.9908988967772393
0.25329310557439133
0.6088003703785169
0.8058695140834087
0.8754127852514174
0.7160485112997248
0.07191702249367171
0.7962609718390335
0.5787169373422367

0.9081256181340881
0.14891457880475456
0.9752198973028869
0.06559603048899776
0.069517882499888
0.09075229373741134
0.424466728150947
0.8743910443467884
0.5751038641017991
0.39649686962163044

0.2583152499919018
0.15279215278932223
0.26042993046009955
0.461681947326973
0.43910079053781725
0.21140543336987017
0.6142121425583967
0.033457911602970625
0.6888961212637748
0.6841127998963015

0.07525892789175403
0.9468056917253095
0.43687662391775806
0.6938155355507727
0.6763985131466044
0.628783593520223
0.574704125982726
0.38797168098943247
0.1891282709934512
0.0267215845793074

0.03155676443254718
0.8304079979238755
0.7400861058470858
0.9414723936475872
0.8259395707053845
0.5142076728663578
0.5940759125807061
0.22827449966431468
0.3031688357711161
0.6950448115731811

0.42826329812768404
0.9654773687646384
0.7254308647494523
0.33515775627406486
0.9582892859880994
0.485324267920187
0.24557341941689004
0.6952227869311726
0.21943353035855562
0.11118366998794427

0.5662963764548806
0.5147108545643169
0.15459058190622266
0.5520653852496394
0.26316533481665205
0.28087958437068716
0.41570632387277495
0.16795295842446134
0.8328803223001962
0.30237382938814084

0.4464537357793863
0.7384290807890469
0.017489337850930542
0.17547757156843125
0.9813106674459254
0.9422660824636306
0.8507438183259146
0.7593810557822528
0.06983451691766518
0.48709919873822505

0.1745518904611304
0.9613967828440546
0.6148120161992859
0.7159949501167014
0.08149227174574758
0.47387857059192207
0.19909472677195994
0.5616730674389456
0.8536096298337983
0.1016681997993476

0.6683140612495478
0.9193351742870387
0.48822057747366543
0.4722142836383829
0.5353019943831996
0.8654987417334911
0.8282163911629191
0.7300786508132182
0.7769268493858018
0.6629306851502681

0.647357215491136
0.2833653573340025
0.005186258410748934
0.16071957622616795
0.780309732765597
0.7916784518594653
0.3117819715124699
0.02372128403098228
0.5326884083087974
0.36353401318531553

0.3090342672889538
0.20705779115056422
0.15811812466802477
0.3657232277640391
0.01987654069995526
0.2290447427367961
0.14734378462417386
0.3379430273493287
0.3058032092686285
0.08986786180559903

0.4386703976376072
0.2530810140170595
0.4640270585612969