【題目】
請撰寫一個 Java 程式，使用迴圈語句來找出所有介於 100 到 999 之間的「良好排序數字」（Well-Ordered Numbers）。

良好排序數字定義：

一個數字的所有位數從左到右嚴格遞增。

例如：258 是良好排序數字，因為 2 < 5 < 8。而 255 或 285 則不是。

程式要求：

使用迴圈遍歷 100 到 999 之間的每個數字。

在迴圈內部，判斷當前數字是否為良好排序數字。

將所有找到的良好排序數字印出。

每行印出 10 個數字，最後一行不限制數量。數字之間用單一空格分隔。

不要將任何數字寫死在程式碼中。

【輸入】
本題無任何輸入。

【輸出】
123 124 125 126 127 128 129 134 135 136 
137 138 139 145 146 147 148 149 156 157 
158 159 167 168 169 178 179 189 234 235 
236 237 238 239 245 246 247 248 249 256 
257 258 259 267 268 269 278 279 289 345 
346 347 348 349 356 357 358 359 367 368 
369 378 379 389 456 457 458 459 467 468 
469 478 479 489 567 568 569 578 579 589 
678 679 689 789